{
  "cells": [
    {
      "cell_type": "markdown",
      "metadata": {
        "id": "E8tg6g28K9_2"
      },
      "source": [
        "## Structuring the task directory"
      ]
    },
    {
      "attachments": {},
      "cell_type": "markdown",
      "metadata": {
        "id": "vElW9W57gufC"
      },
      "source": [
        "In this section, we will copy and rename our images according to the structure required by nn-UNet. Both train and validation images will be transfered to imagesTr, the corresponding labels to labelsTr, whereas the test images will be stored in imagesTs.\n",
        "\n",
        "<!-- - Task501 - Old preproc NCCT APIS\n",
        "- Task502 - Old preproc ADC APIS\n",
        "- Task503 - NCCT APIS\n",
        "- Task504 - ADC APIS\n",
        "- Task505 - NCCT AISD\n",
        "- Task506 - DWI AISD -->"
      ]
    },
    {
      "attachments": {},
      "cell_type": "markdown",
      "metadata": {},
      "source": [
        "New experiments:\n",
        "\n",
        "AUTOTUNING:\n",
        "- 001: TUM gold\n",
        "- 002: TUM gold+silver\n",
        "- 003: TUM gold+silver wo small\n",
        "- 004: APIS+TUM\n",
        "- 005: AISD+TUM\n",
        "- 006: AISD+APIS+TUM\n",
        "\n",
        "- 007: TUM+FLIP\n",
        "- 008: TUM+DIFF\n",
        "- 009: TUM+VASC\n",
        "- 010: TUM+STSEG\n",
        "- 011: TUM+DIFF+VASC\n",
        "\n",
        "VAL SETS\n",
        "- 012: TUM VAL\n",
        "- 013: TUM WO SMALL VAL\n",
        "- 014: APIS VAL\n",
        "- 015: AISD VAL\n",
        "\n",
        "- 016: TUM ncct_flip VAL\n",
        "- 017: TUM new_diff VAL\n",
        "- 018: TUM new_vasc VAL\n",
        "- 019: TUM new_stseg VAL\n",
        "- 020: TUM diff+vasc VAL\n",
        "- 021: TUM+APIS+AISD diff\n",
        "- 022: APIS VAL\n"
      ]
    },
    {
      "cell_type": "code",
      "execution_count": 2,
      "metadata": {},
      "outputs": [],
      "source": [
        "# export nnUnet_plans='/home/jseia/Desktop/thesis/code/nnUNet/nnunetv2/nnUNet_trained_models/Dataset001_AIS/nnUNetTrainer_100epochs__nnUNetPlans__3d_fullres'\n",
        "# !nnUNetv2_predict -i -o -d -p nnUnet_plans -tr nnUNetTrainer_100epochs -c 3d_fullres -f 0 -chk checkpoint_best.pth"
      ]
    },
    {
      "cell_type": "code",
      "execution_count": 1,
      "metadata": {
        "id": "xm1oO5N0LGQB"
      },
      "outputs": [],
      "source": [
        "import os\n",
        "from pathlib import Path\n",
        "\n",
        "datapath = Path('/home/jseia/Desktop/thesis/data/')\n",
        "base_path = Path('/home/jseia/Desktop/thesis/code/nnUNet/nnunetv2')\n",
        "os.environ['nnUNet_raw'] = str(base_path/'nnUNet_raw')\n",
        "os.environ['nnUNet_preprocessed'] = str(base_path/'preprocessed')\n",
        "os.environ['nnUNet_results'] = str(base_path/'nnUNet_trained_models')"
      ]
    },
    {
      "cell_type": "code",
      "execution_count": 2,
      "metadata": {},
      "outputs": [
        {
          "ename": "ModuleNotFoundError",
          "evalue": "No module named 'nnunetv2'",
          "output_type": "error",
          "traceback": [
            "\u001b[0;31m---------------------------------------------------------------------------\u001b[0m",
            "\u001b[0;31mModuleNotFoundError\u001b[0m                       Traceback (most recent call last)",
            "Cell \u001b[0;32mIn[2], line 1\u001b[0m\n\u001b[0;32m----> 1\u001b[0m \u001b[39mfrom\u001b[39;00m \u001b[39mnnunetv2\u001b[39;00m\u001b[39m.\u001b[39;00m\u001b[39mdataset_conversion\u001b[39;00m\u001b[39m.\u001b[39;00m\u001b[39mgenerate_dataset_json\u001b[39;00m \u001b[39mimport\u001b[39;00m generate_dataset_json\n\u001b[1;32m      2\u001b[0m \u001b[39mfrom\u001b[39;00m \u001b[39mnnunetv2\u001b[39;00m\u001b[39m.\u001b[39;00m\u001b[39mpaths\u001b[39;00m \u001b[39mimport\u001b[39;00m nnUNet_raw\n\u001b[1;32m      3\u001b[0m \u001b[39mfrom\u001b[39;00m \u001b[39mbatchgenerators\u001b[39;00m\u001b[39m.\u001b[39;00m\u001b[39mutilities\u001b[39;00m\u001b[39m.\u001b[39;00m\u001b[39mfile_and_folder_operations\u001b[39;00m \u001b[39mimport\u001b[39;00m join\n",
            "\u001b[0;31mModuleNotFoundError\u001b[0m: No module named 'nnunetv2'"
          ]
        }
      ],
      "source": [
        "from nnunetv2.dataset_conversion.generate_dataset_json import generate_dataset_json\n",
        "from nnunetv2.paths import nnUNet_raw\n",
        "from batchgenerators.utilities.file_and_folder_operations import join\n",
        "\n",
        "task_id = '023'\n",
        "task_name = 'AIS'\n",
        "foldername = f'Dataset{task_id}_{task_name}'\n",
        "\n",
        "out_base = join(nnUNet_raw, foldername)\n",
        "imagestr = join(out_base, \"imagesTr\")\n",
        "labelstr = join(out_base, \"labelsTr\")\n",
        "imagests = join(out_base, 'imagesTs')\n",
        "labelsts = join(out_base, \"labelsTs\")\n",
        "\n",
        "Path(labelstr).mkdir(exist_ok=True, parents=True)\n",
        "Path(imagestr).mkdir(exist_ok=True, parents=True)\n",
        "Path(imagests).mkdir(exist_ok=True, parents=True)\n",
        "Path(labelsts).mkdir(exist_ok=True, parents=True)"
      ]
    },
    {
      "cell_type": "markdown",
      "metadata": {
        "id": "mY7iXCKkOp2J"
      },
      "source": [
        "## Parsing data"
      ]
    },
    {
      "cell_type": "markdown",
      "metadata": {
        "id": "aQRoK9FPh5HJ"
      },
      "source": [
        "In this section we will copy the raw ISBR data to the corresponding directories as previously explained."
      ]
    },
    {
      "cell_type": "code",
      "execution_count": 4,
      "metadata": {},
      "outputs": [
        {
          "name": "stderr",
          "output_type": "stream",
          "text": [
            "WARNING:root:Be aware that since since ncct-tilt the image provided in ncct field will be the ncct-tilt. GT masks will also be adjusted.\n",
            "WARNING:root:Be aware that since since ncct-tilt the image provided in ncct field will be the ncct-tilt. GT masks will also be adjusted.\n",
            "WARNING:root:Be aware that since since ncct-tilt the image provided in ncct field will be the ncct-tilt. GT masks will also be adjusted.\n"
          ]
        }
      ],
      "source": [
        "repo_root = Path().resolve().parent\n",
        "import sys ; sys.path.insert(0, str(repo_root))\n",
        "from dataset.dataset import StrokeDataset\n",
        "\n",
        "def get_datasets(datasets, standard):\n",
        "    train = StrokeDataset(\n",
        "        datapath=datapath,\n",
        "        pathology=['ais'],\n",
        "        datasets=datasets,\n",
        "        modalities=['ncct', 'ncct-tilt', 'msk', 'msk-tilt'],\n",
        "        partitions=['train'],\n",
        "        standard=standard,\n",
        "        only_filenames=True,\n",
        "        filter_discard=True\n",
        "    )\n",
        "\n",
        "    validation = StrokeDataset(\n",
        "        datapath=datapath,\n",
        "        datasets=datasets,\n",
        "        pathology=['ais'],\n",
        "        modalities=['ncct', 'ncct-tilt', 'msk', 'msk-tilt'],\n",
        "        partitions=['validation'],\n",
        "        standard=standard,\n",
        "        only_filenames=True,\n",
        "        filter_discard=True\n",
        "    )\n",
        "\n",
        "    test = StrokeDataset(\n",
        "        datapath=datapath,\n",
        "        datasets=datasets,\n",
        "        pathology=['ais'],\n",
        "        modalities=['ncct', 'ncct-tilt', 'msk', 'msk-tilt'],\n",
        "        standard=standard,\n",
        "        partitions=['test'],\n",
        "        only_filenames=True,\n",
        "        filter_discard=True\n",
        "    )\n",
        "\n",
        "    return train, validation, test\n",
        "\n",
        "train, validation, test = get_datasets(['apis'], ['gold', 'silver'])"
      ]
    },
    {
      "cell_type": "code",
      "execution_count": 28,
      "metadata": {},
      "outputs": [
        {
          "name": "stderr",
          "output_type": "stream",
          "text": [
            "100%|██████████| 111/111 [02:10<00:00,  1.18s/it]\n",
            "100%|██████████| 29/29 [00:38<00:00,  1.32s/it]\n",
            "100%|██████████| 19/19 [00:23<00:00,  1.22s/it]\n"
          ]
        }
      ],
      "source": [
        "import SimpleITK as sitk\n",
        "import numpy as np\n",
        "from tqdm import tqdm\n",
        "from utils.utils import save_img_from_array_using_referece, intensity_clipping, replace_value\n",
        "\n",
        "def hardcore_fix_images(img_path: Path, ref_path: Path, out_path: Path):\n",
        "    img = sitk.ReadImage(str(img_path))\n",
        "    img_array = sitk.GetArrayFromImage(img)\n",
        "    ref_img = sitk.ReadImage(str(ref_path))\n",
        "    save_img_from_array_using_referece(img_array, ref_img, out_path)\n",
        "\n",
        "dsets = [train, validation, test]\n",
        "\n",
        "for set_dset in dsets:\n",
        "    for i in tqdm(range(len(set_dset))):\n",
        "        sample = set_dset[i]\n",
        "        sample_id = sample['subject']\n",
        "        suffix = '' if ('tilt' not in sample['ncct']) else '-tilt'\n",
        "        ncct_path = (datapath/'clean'/sample['dataset_name']/sample['ncct'])\n",
        "        name = ncct_path.name\n",
        "        name = ('_').join(name.split('_')[:2])\n",
        "        ncct_path = ncct_path.parent\n",
        "        if sample['dataset_name'] == 'tum':\n",
        "            ncct_path = Path(str(ncct_path).replace('ses-0000', 'ses-0001'))\n",
        "            name = name.replace('ses-0000', 'ses-0001')\n",
        "        dwi_path = ncct_path / f'{name}_dwi-pp.nii.gz'\n",
        "        adc_path = ncct_path / f'{name}_adc-pp.nii.gz'\n",
        "        msk_path = ncct_path / f'{name}_msk-pp.nii.gz'\n",
        "        if sample['dataset_name'] == 'tum':\n",
        "            ncct_path = Path(str(ncct_path).replace('ses-0001', 'ses-0000'))\n",
        "            name = name.replace('ses-0001', 'ses-0000')\n",
        "        ncct_flip_path = ncct_path / f'{name}_ncct-pp-flip.nii.gz'\n",
        "        ncct_path = ncct_path / f'{name}_ncct-pp.nii.gz'\n",
        "\n",
        "        intensity_clipping(ncct_flip_path, ncct_flip_path, v_min=-100, v_max=400)\n",
        "        # intensity_clipping(ncct_path, ncct_path, v_min=-100, v_max=400)\n",
        "        # if adc_path.exists():\n",
        "        #     replace_value(adc_path, dwi_path, -1000, 0)\n",
        "        # if dwi_path.exists():\n",
        "        #     replace_value(dwi_path, dwi_path, -1000, 0)\n",
        "        # hardcore_fix_images(msk_path, ncct_path, msk_path)\n",
        "        # msk_path = ncct_path / f'{name}_msk-pp.nii.gz'"
      ]
    },
    {
      "cell_type": "code",
      "execution_count": 34,
      "metadata": {},
      "outputs": [],
      "source": [
        "from scipy import ndimage\n",
        "from utils.utils import save_img_from_array_using_referece\n",
        "import SimpleITK as sitk\n",
        "import numpy as np\n",
        "\n",
        "\n",
        "def remove_small_lesions(mask_path: Path, output_path: Path, min_les_vol: float = 3.5) -> None:\n",
        "    mask = sitk.ReadImage(str(mask_path))\n",
        "    mask_array = sitk.GetArrayFromImage(mask)\n",
        "    voxel_size = mask.GetSize()\n",
        "    unit_volume = voxel_size[0] * voxel_size[1] * voxel_size[2]\n",
        "\n",
        "    label_img, _ = ndimage.label(mask_array, structure=np.ones((3, 3, 3)))\n",
        "    label, counts = np.unique(label_img, return_counts=True)\n",
        "    volumes = counts * unit_volume\n",
        "    labels_to_ignore = label[volumes <= min_les_vol]\n",
        "    if len(labels_to_ignore) != 0:\n",
        "        for i in labels_to_ignore:\n",
        "            label_img[label_img == i] = 0\n",
        "        mask_array = np.where(label_img != 0, 1, 0).astype('int')\n",
        "    save_img_from_array_using_referece(mask_array, mask, output_path)"
      ]
    },
    {
      "cell_type": "code",
      "execution_count": 5,
      "metadata": {},
      "outputs": [
        {
          "name": "stderr",
          "output_type": "stream",
          "text": [
            "100%|██████████| 7/7 [00:04<00:00,  1.54it/s]\n"
          ]
        }
      ],
      "source": [
        "from tqdm import tqdm\n",
        "import shutil\n",
        "\n",
        "dsets = [train, validation, test]\n",
        "data_dirs = [Path(imagestr), Path(imagestr), Path(imagests)]\n",
        "labels_dirs = [Path(labelstr), Path(labelstr), Path(labelsts)]\n",
        "\n",
        "# dsets = [test]\n",
        "# data_dirs = [Path(imagests)]\n",
        "# labels_dirs = [Path(labelsts)]\n",
        "\n",
        "dsets = [validation]\n",
        "data_dirs = [Path(imagestr)]\n",
        "labels_dirs = [Path(labelstr)]\n",
        "\n",
        "for set_dset, set_dir, lab_dir in zip(dsets, data_dirs, labels_dirs):\n",
        "    for i in tqdm(range(len(set_dset))):\n",
        "        sample = set_dset[i]\n",
        "        sample_id = sample['subject']\n",
        "        if sample_id in ['strokeperf0052', '0072762', '0072681']:\n",
        "            continue\n",
        "        ncct_path = (datapath/'clean'/sample['dataset_name']/sample['ncct'])\n",
        "        name = ncct_path.name\n",
        "        name = ('_').join(name.split('_')[:2])\n",
        "        ncct_path = ncct_path.parent\n",
        "        if sample['dataset_name'] == 'tum':\n",
        "            ncct_path = Path(str(ncct_path).replace('ses-0000', 'ses-0001'))\n",
        "            name = name.replace('ses-0000', 'ses-0001')\n",
        "        dwi_path = ncct_path / f'{name}_dwi-pp.nii.gz'\n",
        "        adc_path = ncct_path / f'{name}_adc-pp.nii.gz'\n",
        "        msk_path = ncct_path / f'{name}_msk-pp.nii.gz'\n",
        "        if sample['dataset_name'] == 'tum':\n",
        "            ncct_path = Path(str(ncct_path).replace('ses-0001', 'ses-0000'))\n",
        "            name = name.replace('ses-0001', 'ses-0000')\n",
        "        ncct_path_flip = ncct_path / f'{name}_ncct-pp-flip.nii.gz'\n",
        "        diff_path = ncct_path / f'{name}_diff.nii.gz'\n",
        "        vasc_path = ncct_path / f'{name}_vasc-pp.nii.gz'\n",
        "        stseg_path = ncct_path / f'{name}_stseg.nii.gz'\n",
        "        ncct_path = ncct_path / f'{name}_ncct-pp.nii.gz'\n",
        "        \n",
        "        new_ncct_name = f'{sample_id}_0000.nii.gz'\n",
        "        new_ncct_flip_name = f'{sample_id}_0001.nii.gz'\n",
        "        new_diff_name = f'{sample_id}_0002.nii.gz'\n",
        "        new_vasc_name = f'{sample_id}_0003.nii.gz'\n",
        "        new_stseg_name = f'{sample_id}_0004.nii.gz'\n",
        "        \n",
        "        new_mask_name = f'{sample_id}.nii.gz'\n",
        "\n",
        "        # copy image to task folder\n",
        "        shutil.copyfile(ncct_path, set_dir/new_ncct_name)\n",
        "        # remove_small_lesions(msk_path, lab_dir/new_mask_name)\n",
        "        shutil.copyfile(msk_path, lab_dir/new_mask_name)\n",
        "        \n",
        "        # shutil.copyfile(ncct_path_flip, set_dir/new_ncct_flip_name)\n",
        "        shutil.copyfile(diff_path, set_dir/new_diff_name)\n",
        "        # shutil.copyfile(vasc_path, set_dir/new_vasc_name)\n",
        "        # shutil.copyfile(stseg_path, set_dir/new_stseg_name)"
      ]
    },
    {
      "cell_type": "markdown",
      "metadata": {
        "id": "XQvnSEP3Bb53"
      },
      "source": [
        "Creating the dataset.json file required by nn-UNet which contains information about our custom dataset."
      ]
    },
    {
      "cell_type": "code",
      "execution_count": 6,
      "metadata": {},
      "outputs": [],
      "source": [
        "exclude = ['strokeperf0052', '0072762', '0072681']\n",
        "train_list = [i for i in train.df.subject.tolist() if i not in exclude]\n",
        "val_list = [i for i in validation.df.subject.tolist() if i not in exclude]\n",
        "generate_dataset_json(\n",
        "    out_base,\n",
        "    channel_names={0: 'CT', 2: 'rescale_to_0_1'}, # 3: 'rescale_to_0_1'},\n",
        "    labels={'background': 0, 'ais': 1},\n",
        "    num_training_cases=len(val_list),\n",
        "    file_ending='.nii.gz'\n",
        ")"
      ]
    },
    {
      "cell_type": "markdown",
      "metadata": {
        "id": "ggZHSNmmDmp7"
      },
      "source": [
        "The last step of this section is to check if the structure of our dataset directory is compatible with nn-UNet's requirements."
      ]
    },
    {
      "cell_type": "code",
      "execution_count": 7,
      "metadata": {
        "colab": {
          "base_uri": "https://localhost:8080/"
        },
        "id": "cgCy8WfnDomr",
        "outputId": "895c084f-559a-42a9-f210-9383289af1f4"
      },
      "outputs": [
        {
          "name": "stdout",
          "output_type": "stream",
          "text": [
            "Fingerprint extraction...\n",
            "Dataset022_AIS\n",
            "Using <class 'nnunetv2.imageio.simpleitk_reader_writer.SimpleITKIO'> as reader/writer\n",
            "WARNING! Not all input images have the same direction!\n",
            "Directions:\n",
            "[(0.999691823636911, 0.005301544388477902, 0.02425183392825337, 0.004936973463830356, -0.9998742835641078, 0.015067958502985165, -0.02432866717525709, 0.014943583715401517, 0.9995923194871341), (0.9996918271692398, 0.005301785575647835, 0.024251634654973715, 0.004937212365511116, -0.9998742787786951, 0.015068197871377682, -0.02432847354612817, 0.014943818337166587, 0.999592320713535)]\n",
            "Image files:\n",
            "['/home/jseia/Desktop/thesis/code/nnUNet/nnunetv2/nnUNet_raw/Dataset022_AIS/imagesTr/train041_0000.nii.gz', '/home/jseia/Desktop/thesis/code/nnUNet/nnunetv2/nnUNet_raw/Dataset022_AIS/imagesTr/train041_0002.nii.gz']\n",
            "It is up to you to decide whether that's a problem. You should run nnUNet_plot_dataset_pngs to verify that segmentations and data overlap.\n",
            "WARNING! Not all input images have the same direction!\n",
            "Directions:\n",
            "[(0.9992352995955598, -0.029965006015601217, -0.02511800933290977, -0.02670577241127955, -0.9922531313555873, 0.12132818026992734, 0.02855902242880256, 0.12056459567184966, 0.9922945924873016), (0.9992353105368085, -0.02996509129734134, -0.025117473378356348, -0.026705918259655074, -0.9922531181122086, 0.12132824813209228, 0.028558503222619644, 0.12056468346966777, 0.9922945977562737)]\n",
            "Image files:\n",
            "['/home/jseia/Desktop/thesis/code/nnUNet/nnunetv2/nnUNet_raw/Dataset022_AIS/imagesTr/train043_0000.nii.gz', '/home/jseia/Desktop/thesis/code/nnUNet/nnunetv2/nnUNet_raw/Dataset022_AIS/imagesTr/train043_0002.nii.gz']\n",
            "It is up to you to decide whether that's a problem. You should run nnUNet_plot_dataset_pngs to verify that segmentations and data overlap.\n",
            "WARNING! Not all input images have the same direction!\n",
            "Directions:\n",
            "[(0.9986370279867939, -0.01945220376550983, -0.048432410074274686, -0.011553084563378719, -0.9873190281619646, 0.15832769972405236, 0.050898060579700824, 0.15755236716082327, 0.9861980739965414), (0.9986370256610685, -0.019452087271807614, -0.048432503216602286, -0.011552957876601952, -0.9873190365178773, 0.15832766995464748, 0.050898134966970696, 0.15755232918043666, 0.9861980742015805)]\n",
            "Image files:\n",
            "['/home/jseia/Desktop/thesis/code/nnUNet/nnunetv2/nnUNet_raw/Dataset022_AIS/imagesTr/train030_0000.nii.gz', '/home/jseia/Desktop/thesis/code/nnUNet/nnunetv2/nnUNet_raw/Dataset022_AIS/imagesTr/train030_0002.nii.gz']\n",
            "It is up to you to decide whether that's a problem. You should run nnUNet_plot_dataset_pngs to verify that segmentations and data overlap.\n",
            "WARNING! Not all input images have the same direction!\n",
            "Directions:\n",
            "[(0.9856400683374333, -0.16622921812164743, -0.029690044737155936, -0.16152188499085626, -0.9793891303450508, 0.12127495842094899, 0.049237550271925175, 0.11473786822418706, 0.9921748261790877), (0.9856400870532417, -0.16622918672706968, -0.029689729854145138, -0.1615218633890326, -0.9793891209638005, 0.12127504014308119, 0.04923724648081996, 0.11473799378501914, 0.9921748256126447)]\n",
            "Image files:\n",
            "['/home/jseia/Desktop/thesis/code/nnUNet/nnunetv2/nnUNet_raw/Dataset022_AIS/imagesTr/train034_0000.nii.gz', '/home/jseia/Desktop/thesis/code/nnUNet/nnunetv2/nnUNet_raw/Dataset022_AIS/imagesTr/train034_0002.nii.gz']\n",
            "It is up to you to decide whether that's a problem. You should run nnUNet_plot_dataset_pngs to verify that segmentations and data overlap.\n",
            "WARNING! Not all input images have the same direction!\n",
            "Directions:\n",
            "[(0.9972224496784117, -0.004001863459893951, -0.07437318357283618, 0.0009014137558232881, -0.9978338876683456, 0.06577779915373486, 0.07447532014451853, 0.06566214822501526, 0.9950587473630551), (0.9972224466089422, -0.004002142623962539, -0.07437320583739054, 0.0009011349383464979, -0.9978338892513681, 0.06577779162604397, 0.0744753646187667, 0.06566210715401825, 0.9950587461965599)]\n",
            "Image files:\n",
            "['/home/jseia/Desktop/thesis/code/nnUNet/nnunetv2/nnUNet_raw/Dataset022_AIS/imagesTr/train042_0000.nii.gz', '/home/jseia/Desktop/thesis/code/nnUNet/nnunetv2/nnUNet_raw/Dataset022_AIS/imagesTr/train042_0002.nii.gz']\n",
            "It is up to you to decide whether that's a problem. You should run nnUNet_plot_dataset_pngs to verify that segmentations and data overlap.\n",
            "WARNING! Not all input images have the same direction!\n",
            "Directions:\n",
            "[(0.9922222024559405, -0.08739937543721447, -0.0886366181747815, -0.08757003507535037, -0.9961564201015355, 0.0019689673469021358, 0.08846801631315505, -0.005808258231015724, 0.996062082947707), (0.9922222016359321, -0.08739919805394857, -0.0886367955616894, -0.0875698487384622, -0.9961564364079033, 0.001969094440736997, 0.08846820995513968, -0.005808130734902298, 0.9960620669113139)]\n",
            "Image files:\n",
            "['/home/jseia/Desktop/thesis/code/nnUNet/nnunetv2/nnUNet_raw/Dataset022_AIS/imagesTr/train056_0000.nii.gz', '/home/jseia/Desktop/thesis/code/nnUNet/nnunetv2/nnUNet_raw/Dataset022_AIS/imagesTr/train056_0002.nii.gz']\n",
            "It is up to you to decide whether that's a problem. You should run nnUNet_plot_dataset_pngs to verify that segmentations and data overlap.\n",
            "WARNING! Not all input images have the same direction!\n",
            "Directions:\n",
            "[(0.972853044644214, 0.23013269446564424, -0.02441087638582496, 0.23078482871217104, -0.9725875662321983, 0.028492009973210913, 0.017184771245992346, 0.03335219555758879, 0.9992959093690729), (0.9728530435721194, 0.23013292211686023, -0.024408916115343786, 0.23078497746945242, -0.9725875240978267, 0.028492117421899964, 0.01718283407614109, 0.03335185342997655, 0.9992959541891936)]\n",
            "Image files:\n",
            "['/home/jseia/Desktop/thesis/code/nnUNet/nnunetv2/nnUNet_raw/Dataset022_AIS/imagesTr/train023_0000.nii.gz', '/home/jseia/Desktop/thesis/code/nnUNet/nnunetv2/nnUNet_raw/Dataset022_AIS/imagesTr/train023_0002.nii.gz']\n",
            "It is up to you to decide whether that's a problem. You should run nnUNet_plot_dataset_pngs to verify that segmentations and data overlap.\n",
            "\n",
            "####################\n",
            "verify_dataset_integrity Done. \n",
            "If you didn't see any error messages then your dataset is most likely OK!\n",
            "####################\n",
            "\n",
            "Using <class 'nnunetv2.imageio.simpleitk_reader_writer.SimpleITKIO'> as reader/writer\n",
            "  0%|                                                     | 0/7 [00:00<?, ?it/s]WARNING! Not all input images have the same direction!\n",
            "Directions:\n",
            "[(0.9856400683374333, -0.16622921812164743, -0.029690044737155936, -0.16152188499085626, -0.9793891303450508, 0.12127495842094899, 0.049237550271925175, 0.11473786822418706, 0.9921748261790877), (0.9856400870532417, -0.16622918672706968, -0.029689729854145138, -0.1615218633890326, -0.9793891209638005, 0.12127504014308119, 0.04923724648081996, 0.11473799378501914, 0.9921748256126447)]\n",
            "Image files:\n",
            "['/home/jseia/Desktop/thesis/code/nnUNet/nnunetv2/nnUNet_raw/Dataset022_AIS/imagesTr/train034_0000.nii.gz', '/home/jseia/Desktop/thesis/code/nnUNet/nnunetv2/nnUNet_raw/Dataset022_AIS/imagesTr/train034_0002.nii.gz']\n",
            "It is up to you to decide whether that's a problem. You should run nnUNet_plot_dataset_pngs to verify that segmentations and data overlap.\n",
            "WARNING! Not all input images have the same direction!\n",
            "Directions:\n",
            "[(0.999691823636911, 0.005301544388477902, 0.02425183392825337, 0.004936973463830356, -0.9998742835641078, 0.015067958502985165, -0.02432866717525709, 0.014943583715401517, 0.9995923194871341), (0.9996918271692398, 0.005301785575647835, 0.024251634654973715, 0.004937212365511116, -0.9998742787786951, 0.015068197871377682, -0.02432847354612817, 0.014943818337166587, 0.999592320713535)]\n",
            "Image files:\n",
            "['/home/jseia/Desktop/thesis/code/nnUNet/nnunetv2/nnUNet_raw/Dataset022_AIS/imagesTr/train041_0000.nii.gz', '/home/jseia/Desktop/thesis/code/nnUNet/nnunetv2/nnUNet_raw/Dataset022_AIS/imagesTr/train041_0002.nii.gz']\n",
            "It is up to you to decide whether that's a problem. You should run nnUNet_plot_dataset_pngs to verify that segmentations and data overlap.\n",
            "WARNING! Not all input images have the same direction!\n",
            "Directions:\n",
            "[(0.9992352995955598, -0.029965006015601217, -0.02511800933290977, -0.02670577241127955, -0.9922531313555873, 0.12132818026992734, 0.02855902242880256, 0.12056459567184966, 0.9922945924873016), (0.9992353105368085, -0.02996509129734134, -0.025117473378356348, -0.026705918259655074, -0.9922531181122086, 0.12132824813209228, 0.028558503222619644, 0.12056468346966777, 0.9922945977562737)]\n",
            "Image files:\n",
            "['/home/jseia/Desktop/thesis/code/nnUNet/nnunetv2/nnUNet_raw/Dataset022_AIS/imagesTr/train043_0000.nii.gz', '/home/jseia/Desktop/thesis/code/nnUNet/nnunetv2/nnUNet_raw/Dataset022_AIS/imagesTr/train043_0002.nii.gz']\n",
            "It is up to you to decide whether that's a problem. You should run nnUNet_plot_dataset_pngs to verify that segmentations and data overlap.\n",
            "WARNING! Not all input images have the same direction!\n",
            "Directions:\n",
            "[(0.9986370279867939, -0.01945220376550983, -0.048432410074274686, -0.011553084563378719, -0.9873190281619646, 0.15832769972405236, 0.050898060579700824, 0.15755236716082327, 0.9861980739965414), (0.9986370256610685, -0.019452087271807614, -0.048432503216602286, -0.011552957876601952, -0.9873190365178773, 0.15832766995464748, 0.050898134966970696, 0.15755232918043666, 0.9861980742015805)]\n",
            "Image files:\n",
            "['/home/jseia/Desktop/thesis/code/nnUNet/nnunetv2/nnUNet_raw/Dataset022_AIS/imagesTr/train030_0000.nii.gz', '/home/jseia/Desktop/thesis/code/nnUNet/nnunetv2/nnUNet_raw/Dataset022_AIS/imagesTr/train030_0002.nii.gz']\n",
            "It is up to you to decide whether that's a problem. You should run nnUNet_plot_dataset_pngs to verify that segmentations and data overlap.\n",
            "WARNING! Not all input images have the same direction!\n",
            "Directions:\n",
            "[(0.972853044644214, 0.23013269446564424, -0.02441087638582496, 0.23078482871217104, -0.9725875662321983, 0.028492009973210913, 0.017184771245992346, 0.03335219555758879, 0.9992959093690729), (0.9728530435721194, 0.23013292211686023, -0.024408916115343786, 0.23078497746945242, -0.9725875240978267, 0.028492117421899964, 0.01718283407614109, 0.03335185342997655, 0.9992959541891936)]\n",
            "Image files:\n",
            "['/home/jseia/Desktop/thesis/code/nnUNet/nnunetv2/nnUNet_raw/Dataset022_AIS/imagesTr/train023_0000.nii.gz', '/home/jseia/Desktop/thesis/code/nnUNet/nnunetv2/nnUNet_raw/Dataset022_AIS/imagesTr/train023_0002.nii.gz']\n",
            "It is up to you to decide whether that's a problem. You should run nnUNet_plot_dataset_pngs to verify that segmentations and data overlap.\n",
            "WARNING! Not all input images have the same direction!\n",
            "Directions:\n",
            "[(0.9972224496784117, -0.004001863459893951, -0.07437318357283618, 0.0009014137558232881, -0.9978338876683456, 0.06577779915373486, 0.07447532014451853, 0.06566214822501526, 0.9950587473630551), (0.9972224466089422, -0.004002142623962539, -0.07437320583739054, 0.0009011349383464979, -0.9978338892513681, 0.06577779162604397, 0.0744753646187667, 0.06566210715401825, 0.9950587461965599)]\n",
            "Image files:\n",
            "['/home/jseia/Desktop/thesis/code/nnUNet/nnunetv2/nnUNet_raw/Dataset022_AIS/imagesTr/train042_0000.nii.gz', '/home/jseia/Desktop/thesis/code/nnUNet/nnunetv2/nnUNet_raw/Dataset022_AIS/imagesTr/train042_0002.nii.gz']\n",
            "It is up to you to decide whether that's a problem. You should run nnUNet_plot_dataset_pngs to verify that segmentations and data overlap.\n",
            "WARNING! Not all input images have the same direction!\n",
            "Directions:\n",
            "[(0.9922222024559405, -0.08739937543721447, -0.0886366181747815, -0.08757003507535037, -0.9961564201015355, 0.0019689673469021358, 0.08846801631315505, -0.005808258231015724, 0.996062082947707), (0.9922222016359321, -0.08739919805394857, -0.0886367955616894, -0.0875698487384622, -0.9961564364079033, 0.001969094440736997, 0.08846820995513968, -0.005808130734902298, 0.9960620669113139)]\n",
            "Image files:\n",
            "['/home/jseia/Desktop/thesis/code/nnUNet/nnunetv2/nnUNet_raw/Dataset022_AIS/imagesTr/train056_0000.nii.gz', '/home/jseia/Desktop/thesis/code/nnUNet/nnunetv2/nnUNet_raw/Dataset022_AIS/imagesTr/train056_0002.nii.gz']\n",
            "It is up to you to decide whether that's a problem. You should run nnUNet_plot_dataset_pngs to verify that segmentations and data overlap.\n",
            "100%|█████████████████████████████████████████████| 7/7 [00:03<00:00,  1.95it/s]\n",
            "Experiment planning...\n",
            "2D U-Net configuration:\n",
            "{'data_identifier': 'nnUNetPlans_2d', 'preprocessor_name': 'DefaultPreprocessor', 'batch_size': 45, 'patch_size': array([256, 256]), 'median_image_size_in_voxels': array([241., 241.]), 'spacing': array([1., 1.]), 'normalization_schemes': ['CTNormalization', 'ZScoreNormalization'], 'use_mask_for_norm': [False, False], 'UNet_class_name': 'PlainConvUNet', 'UNet_base_num_features': 32, 'n_conv_per_stage_encoder': (2, 2, 2, 2, 2, 2, 2), 'n_conv_per_stage_decoder': (2, 2, 2, 2, 2, 2), 'num_pool_per_axis': [6, 6], 'pool_op_kernel_sizes': [[1, 1], [2, 2], [2, 2], [2, 2], [2, 2], [2, 2], [2, 2]], 'conv_kernel_sizes': [[3, 3], [3, 3], [3, 3], [3, 3], [3, 3], [3, 3], [3, 3]], 'unet_max_num_features': 512, 'resampling_fn_data': 'resample_data_or_seg_to_shape', 'resampling_fn_seg': 'resample_data_or_seg_to_shape', 'resampling_fn_data_kwargs': {'is_seg': False, 'order': 3, 'order_z': 0, 'force_separate_z': None}, 'resampling_fn_seg_kwargs': {'is_seg': True, 'order': 1, 'order_z': 0, 'force_separate_z': None}, 'resampling_fn_probabilities': 'resample_data_or_seg_to_shape', 'resampling_fn_probabilities_kwargs': {'is_seg': False, 'order': 1, 'order_z': 0, 'force_separate_z': None}, 'batch_dice': True}\n",
            "\n",
            "Using <class 'nnunetv2.imageio.simpleitk_reader_writer.SimpleITKIO'> as reader/writer\n",
            "3D fullres U-Net configuration:\n",
            "{'data_identifier': 'nnUNetPlans_3d_fullres', 'preprocessor_name': 'DefaultPreprocessor', 'batch_size': 2, 'patch_size': array([ 96, 160, 160]), 'median_image_size_in_voxels': array([145., 241., 241.]), 'spacing': array([1., 1., 1.]), 'normalization_schemes': ['CTNormalization', 'ZScoreNormalization'], 'use_mask_for_norm': [False, False], 'UNet_class_name': 'PlainConvUNet', 'UNet_base_num_features': 32, 'n_conv_per_stage_encoder': (2, 2, 2, 2, 2, 2), 'n_conv_per_stage_decoder': (2, 2, 2, 2, 2), 'num_pool_per_axis': [4, 5, 5], 'pool_op_kernel_sizes': [[1, 1, 1], [2, 2, 2], [2, 2, 2], [2, 2, 2], [2, 2, 2], [1, 2, 2]], 'conv_kernel_sizes': [[3, 3, 3], [3, 3, 3], [3, 3, 3], [3, 3, 3], [3, 3, 3], [3, 3, 3]], 'unet_max_num_features': 320, 'resampling_fn_data': 'resample_data_or_seg_to_shape', 'resampling_fn_seg': 'resample_data_or_seg_to_shape', 'resampling_fn_data_kwargs': {'is_seg': False, 'order': 3, 'order_z': 0, 'force_separate_z': None}, 'resampling_fn_seg_kwargs': {'is_seg': True, 'order': 1, 'order_z': 0, 'force_separate_z': None}, 'resampling_fn_probabilities': 'resample_data_or_seg_to_shape', 'resampling_fn_probabilities_kwargs': {'is_seg': False, 'order': 1, 'order_z': 0, 'force_separate_z': None}, 'batch_dice': False}\n",
            "\n",
            "Plans were saved to /home/jseia/Desktop/thesis/code/nnUNet/nnunetv2/preprocessed/Dataset022_AIS/nnUNetPlans.json\n",
            "Preprocessing...\n",
            "Preprocessing dataset Dataset022_AIS\n",
            "Configuration: 2d...\n",
            "  0%|                                                     | 0/7 [00:00<?, ?it/s]WARNING! Not all input images have the same direction!\n",
            "Directions:\n",
            "[(0.999691823636911, 0.005301544388477902, 0.02425183392825337, 0.004936973463830356, -0.9998742835641078, 0.015067958502985165, -0.02432866717525709, 0.014943583715401517, 0.9995923194871341), (0.9996918271692398, 0.005301785575647835, 0.024251634654973715, 0.004937212365511116, -0.9998742787786951, 0.015068197871377682, -0.02432847354612817, 0.014943818337166587, 0.999592320713535)]\n",
            "Image files:\n",
            "['/home/jseia/Desktop/thesis/code/nnUNet/nnunetv2/nnUNet_raw/Dataset022_AIS/imagesTr/train041_0000.nii.gz', '/home/jseia/Desktop/thesis/code/nnUNet/nnunetv2/nnUNet_raw/Dataset022_AIS/imagesTr/train041_0002.nii.gz']\n",
            "It is up to you to decide whether that's a problem. You should run nnUNet_plot_dataset_pngs to verify that segmentations and data overlap.\n",
            "WARNING! Not all input images have the same direction!\n",
            "Directions:\n",
            "[(0.9856400683374333, -0.16622921812164743, -0.029690044737155936, -0.16152188499085626, -0.9793891303450508, 0.12127495842094899, 0.049237550271925175, 0.11473786822418706, 0.9921748261790877), (0.9856400870532417, -0.16622918672706968, -0.029689729854145138, -0.1615218633890326, -0.9793891209638005, 0.12127504014308119, 0.04923724648081996, 0.11473799378501914, 0.9921748256126447)]\n",
            "Image files:\n",
            "['/home/jseia/Desktop/thesis/code/nnUNet/nnunetv2/nnUNet_raw/Dataset022_AIS/imagesTr/train034_0000.nii.gz', '/home/jseia/Desktop/thesis/code/nnUNet/nnunetv2/nnUNet_raw/Dataset022_AIS/imagesTr/train034_0002.nii.gz']\n",
            "It is up to you to decide whether that's a problem. You should run nnUNet_plot_dataset_pngs to verify that segmentations and data overlap.\n",
            "WARNING! Not all input images have the same direction!\n",
            "Directions:\n",
            "[(0.9992352995955598, -0.029965006015601217, -0.02511800933290977, -0.02670577241127955, -0.9922531313555873, 0.12132818026992734, 0.02855902242880256, 0.12056459567184966, 0.9922945924873016), (0.9992353105368085, -0.02996509129734134, -0.025117473378356348, -0.026705918259655074, -0.9922531181122086, 0.12132824813209228, 0.028558503222619644, 0.12056468346966777, 0.9922945977562737)]\n",
            "Image files:\n",
            "['/home/jseia/Desktop/thesis/code/nnUNet/nnunetv2/nnUNet_raw/Dataset022_AIS/imagesTr/train043_0000.nii.gz', '/home/jseia/Desktop/thesis/code/nnUNet/nnunetv2/nnUNet_raw/Dataset022_AIS/imagesTr/train043_0002.nii.gz']\n",
            "It is up to you to decide whether that's a problem. You should run nnUNet_plot_dataset_pngs to verify that segmentations and data overlap.\n",
            "WARNING! Not all input images have the same direction!\n",
            "Directions:\n",
            "[(0.972853044644214, 0.23013269446564424, -0.02441087638582496, 0.23078482871217104, -0.9725875662321983, 0.028492009973210913, 0.017184771245992346, 0.03335219555758879, 0.9992959093690729), (0.9728530435721194, 0.23013292211686023, -0.024408916115343786, 0.23078497746945242, -0.9725875240978267, 0.028492117421899964, 0.01718283407614109, 0.03335185342997655, 0.9992959541891936)]\n",
            "Image files:\n",
            "['/home/jseia/Desktop/thesis/code/nnUNet/nnunetv2/nnUNet_raw/Dataset022_AIS/imagesTr/train023_0000.nii.gz', '/home/jseia/Desktop/thesis/code/nnUNet/nnunetv2/nnUNet_raw/Dataset022_AIS/imagesTr/train023_0002.nii.gz']\n",
            "It is up to you to decide whether that's a problem. You should run nnUNet_plot_dataset_pngs to verify that segmentations and data overlap.\n",
            "WARNING! Not all input images have the same direction!\n",
            "Directions:\n",
            "[(0.9986370279867939, -0.01945220376550983, -0.048432410074274686, -0.011553084563378719, -0.9873190281619646, 0.15832769972405236, 0.050898060579700824, 0.15755236716082327, 0.9861980739965414), (0.9986370256610685, -0.019452087271807614, -0.048432503216602286, -0.011552957876601952, -0.9873190365178773, 0.15832766995464748, 0.050898134966970696, 0.15755232918043666, 0.9861980742015805)]\n",
            "Image files:\n",
            "['/home/jseia/Desktop/thesis/code/nnUNet/nnunetv2/nnUNet_raw/Dataset022_AIS/imagesTr/train030_0000.nii.gz', '/home/jseia/Desktop/thesis/code/nnUNet/nnunetv2/nnUNet_raw/Dataset022_AIS/imagesTr/train030_0002.nii.gz']\n",
            "It is up to you to decide whether that's a problem. You should run nnUNet_plot_dataset_pngs to verify that segmentations and data overlap.\n",
            "WARNING! Not all input images have the same direction!\n",
            "Directions:\n",
            "[(0.9972224496784117, -0.004001863459893951, -0.07437318357283618, 0.0009014137558232881, -0.9978338876683456, 0.06577779915373486, 0.07447532014451853, 0.06566214822501526, 0.9950587473630551), (0.9972224466089422, -0.004002142623962539, -0.07437320583739054, 0.0009011349383464979, -0.9978338892513681, 0.06577779162604397, 0.0744753646187667, 0.06566210715401825, 0.9950587461965599)]\n",
            "Image files:\n",
            "['/home/jseia/Desktop/thesis/code/nnUNet/nnunetv2/nnUNet_raw/Dataset022_AIS/imagesTr/train042_0000.nii.gz', '/home/jseia/Desktop/thesis/code/nnUNet/nnunetv2/nnUNet_raw/Dataset022_AIS/imagesTr/train042_0002.nii.gz']\n",
            "It is up to you to decide whether that's a problem. You should run nnUNet_plot_dataset_pngs to verify that segmentations and data overlap.\n",
            "WARNING! Not all input images have the same direction!\n",
            "Directions:\n",
